pt1,418275.090,4239244.526,954.068,
pt2,418273.962,4239243.977,954.068,
pt3,418271.139,4239245.027,954.217,
pt4,418270.081,4239244.388,954.190,
pt5,418267.332,4239245.210,954.255,
pt6,418265.056,4239244.485,954.316,
pt7,418262.762,4239245.208,954.419,
pt8,418258.944,4239244.403,954.485,
pt9,418256.702,4239245.103,954.654,
pt10,418253.802,4239244.331,954.606,
pt11,418250.919,4239245.125,954.736,
pt12,418247.577,4239244.363,954.878,
pt13,418245.182,4239244.940,954.892,
pt14,418242.595,4239244.186,954.940,
pt15,418238.918,4239244.555,955.159,
pt16,418235.300,4239243.523,955.340,
pt17,418232.439,4239243.917,955.469,
pt18,418229.604,4239243.037,955.517,
pt19,418227.102,4239243.541,955.608,
pt20,418224.537,4239242.582,955.689,
pt21,418217.800,4239241.895,956.144,
pt22,418215.374,4239242.287,956.200,
pt23,418215.377,4239242.299,956.184,
pt24,418212.297,4239241.100,956.319,
pt25,418208.445,4239241.450,956.712,
pt26,418205.317,4239240.559,956.895,
pt27,418200.927,4239240.987,957.310,
pt28,418198.084,4239239.977,957.488,
pt29,418195.034,4239240.393,957.920,
pt30,418192.230,4239239.428,958.087,
pt31,418189.707,4239239.858,958.273,
pt32,418187.777,4239238.825,958.602,
pt33,418186.225,4239239.813,958.874,
pt34,418184.226,4239238.862,958.963,
pt35,418181.891,4239239.179,959.379,
pt36,418180.745,4239238.382,959.503,
pt37,418178.929,4239238.928,959.876,
pt38,418176.849,4239238.021,960.127,
pt39,418174.196,4239238.511,960.519,
pt40,418171.472,4239237.689,960.930,
pt41,418169.315,4239238.361,961.374,
pt42,418166.960,4239237.433,961.639,
pt43,418163.704,4239237.872,962.204,
pt44,418161.254,4239236.859,962.592,
pt45,418158.044,4239237.428,963.091,
pt46,418154.923,4239236.356,963.687,
pt47,418152.795,4239237.315,964.024,
pt48,418150.368,4239236.119,964.335,
pt49,418147.980,4239236.801,964.669,
pt50,418146.202,4239235.946,964.943,
pt51,418143.267,4239236.568,965.194,
pt52,418140.632,4239235.662,965.573,
pt53,418137.542,4239236.389,965.881,
pt54,418135.323,4239235.649,966.193,
pt55,418133.094,4239236.180,966.386,
pt56,418130.971,4239235.713,966.730,
pt57,418127.908,4239236.654,966.988,
pt58,418125.927,4239236.252,967.220,
pt59,418123.943,4239236.585,967.432,
pt60,418122.419,4239235.198,967.518,
pt61,418119.813,4239235.327,967.803,
pt62,418117.691,4239234.425,968.137,
pt63,418115.157,4239234.843,968.394,
pt64,418112.833,4239234.306,968.640,
pt65,418110.783,4239235.212,968.769,
pt66,418109.586,4239234.839,968.794,
pt67,418108.042,4239235.887,968.952,
pt68,418106.393,4239236.126,969.168,
pt69,418105.741,4239237.439,969.331,
pt70,418104.437,4239237.955,969.415,
pt71,418103.940,4239239.433,969.554,
pt72,418102.669,4239240.242,969.634,
pt73,418102.307,4239241.558,969.801,
pt74,418101.253,4239241.943,969.900,
pt75,418100.650,4239243.603,970.031,
pt76,418099.476,4239244.171,970.113,
pt77,418098.679,4239245.674,970.317,
pt78,418097.295,4239246.332,970.450,
pt79,418096.740,4239247.597,970.574,
pt80,418095.192,4239248.252,970.745,
pt81,418094.517,4239249.710,970.944,
pt82,418092.986,4239250.435,971.031,
pt83,418092.066,4239252.073,971.213,
pt84,418090.699,4239252.603,971.311,
pt85,418089.735,4239254.328,971.441,
pt86,418088.299,4239254.738,971.578,
pt87,418087.294,4239256.460,971.807,
pt88,418085.611,4239257.075,971.832,
pt89,418084.503,4239258.659,972.054,
pt90,418083.182,4239259.109,972.161,
pt91,418082.724,4239260.406,972.260,
pt92,418081.603,4239260.694,972.441,
pt93,418081.424,4239261.705,972.585,
pt94,418080.592,4239261.597,972.517,
pt95,418079.616,4239262.427,972.596,
pt96,418079.794,4239263.031,972.672,
pt97,418078.629,4239263.184,972.796,
pt98,418078.179,4239264.286,972.846,
pt99,418076.920,4239264.579,972.930,
pt100,418076.140,4239265.952,973.066,
pt101,418074.636,4239266.535,973.240,
pt102,418074.023,4239267.797,973.421,
pt103,418072.455,4239268.274,973.676,
pt104,418071.561,4239269.736,973.803,
pt105,418070.005,4239270.260,973.961,
pt106,418069.265,4239271.675,974.131,
pt107,418067.824,4239272.196,974.319,
pt108,418067.040,4239273.747,974.496,
pt109,418065.453,4239274.350,974.604,
pt110,418064.879,4239275.558,974.709,
pt111,418063.355,4239275.950,974.806,
pt112,418062.461,4239277.481,975.058,
pt113,418060.900,4239277.957,975.199,
pt114,418060.368,4239279.402,975.268,
pt115,418058.728,4239280.000,975.471,
pt116,418058.221,4239281.606,975.580,
pt117,418056.496,4239282.342,975.721,
pt118,418055.936,4239283.824,975.910,
pt119,418054.497,4239284.078,975.991,
pt120,418054.371,4239284.921,976.131,
pt121,418045.769,4239283.543,976.751,
pt122,418045.065,4239283.521,976.786,
pt123,418045.138,4239284.873,976.828,
pt124,418044.075,4239285.343,976.870,
pt125,418044.057,4239286.682,976.925,
pt126,418042.678,4239287.573,976.989,
pt127,418042.412,4239289.304,977.154,
pt128,418041.229,4239290.056,977.215,
pt129,418041.009,4239291.675,977.317,
pt130,418039.597,4239292.474,977.414,
pt131,418038.755,4239294.255,977.511,
pt132,418037.210,4239294.981,977.618,
pt133,418036.225,4239296.712,977.802,
pt134,418034.837,4239297.156,977.913,
pt135,418034.314,4239298.495,978.014,
pt136,418032.887,4239298.979,978.142,
pt137,418031.835,4239300.945,978.366,
pt138,418030.244,4239301.464,978.440,
pt139,418029.429,4239303.295,978.551,
pt140,418027.465,4239304.199,978.736,
pt141,418026.698,4239305.826,978.909,
pt142,418025.084,4239306.489,979.075,
pt143,418024.071,4239308.411,979.246,
pt144,418022.033,4239309.503,979.547,
pt145,418020.722,4239311.415,979.749,
pt146,418018.642,4239312.811,979.950,
pt147,418017.650,4239314.589,980.261,
pt148,418015.331,4239315.776,980.405,
pt149,418013.908,4239317.816,980.786,
pt150,418011.391,4239318.996,981.102,
pt151,418009.364,4239321.303,981.458,
pt152,418006.355,4239322.682,981.839,
pt153,418005.230,4239324.336,982.158,
pt154,418002.449,4239325.452,982.454,
pt155,418000.599,4239327.622,982.875,
pt156,417998.536,4239328.385,983.157,
pt157,417997.207,4239330.148,983.473,
pt158,417994.656,4239331.240,983.749,
pt159,417992.753,4239333.481,984.303,
pt160,417989.574,4239334.838,984.695,
pt161,417986.687,4239337.502,985.260,
pt162,417983.813,4239338.861,985.614,
pt163,417982.443,4239340.415,985.841,
pt164,417979.954,4239341.467,986.189,
pt165,417978.080,4239343.436,986.598,
pt166,417975.515,4239344.431,986.995,
pt167,417973.318,4239346.604,987.459,
pt168,417970.649,4239347.421,987.747,
pt169,417968.079,4239349.888,988.273,
pt170,417965.221,4239350.881,988.546,
pt171,417963.602,4239352.924,988.992,
pt172,417960.134,4239354.501,989.584,
pt173,417958.600,4239356.406,989.910,
pt174,417956.327,4239357.355,990.119,
pt175,417954.760,4239359.150,990.526,
pt176,417954.720,4239359.204,990.493,
pt177,417952.316,4239360.291,990.727,
pt178,417950.251,4239362.567,991.183,
pt179,417948.800,4239362.864,991.313,
pt180,417947.519,4239364.482,991.729,
pt181,417945.878,4239364.815,991.900,
pt182,417944.864,4239366.048,992.111,
pt183,417942.566,4239366.577,992.422,
pt184,417941.195,4239368.005,992.810,
pt185,417938.787,4239368.660,992.957,
pt186,417937.413,4239370.245,993.246,
pt187,417934.970,4239370.796,993.499,
pt188,417933.156,4239372.598,993.850,
pt189,417930.072,4239373.643,994.258,
pt190,417928.091,4239375.653,994.654,
pt191,417926.233,4239376.208,994.850,
pt192,417924.851,4239377.832,995.196,
pt193,417922.064,4239378.664,995.314,
pt194,417921.292,4239379.917,995.551,
pt195,417919.181,4239380.376,995.800,
pt196,417917.352,4239382.083,996.225,
pt197,417915.667,4239382.330,996.469,
pt198,417914.189,4239383.880,996.729,
pt199,417912.597,4239383.964,996.895,
pt200,417911.955,4239385.282,997.097,
pt201,417911.166,4239384.422,997.170,
pt202,417910.688,4239385.716,997.228,
pt203,417909.813,4239385.391,997.388,
pt204,417909.372,4239384.750,997.530,
pt205,417909.029,4239384.021,997.542,
pt206,417908.887,4239383.484,997.533,
pt207,417909.711,4239383.024,997.466,
pt208,417909.977,4239383.681,997.426,
pt209,417910.366,4239384.144,997.361,
pt210,417909.847,4239381.425,997.550,
pt211,417909.475,4239379.738,997.514,
pt212,417910.863,4239379.430,997.404,
pt213,417910.651,4239377.887,997.353,
pt214,417911.948,4239377.651,997.325,
pt215,417912.074,4239375.633,997.199,
pt216,417913.355,4239375.432,997.072,
pt217,417913.064,4239373.779,996.942,
pt218,417914.508,4239373.354,996.790,
pt219,417913.874,4239372.051,996.815,
pt220,417915.187,4239371.868,996.800,
pt221,417915.556,4239370.926,996.633,
pt222,417915.755,4239369.858,996.509,
pt223,417914.887,4239369.337,996.474,
pt224,417914.645,4239370.247,996.643,
pt225,417913.905,4239370.457,996.747,
pt226,417913.538,4239369.947,996.717,
pt227,418047.075,4239280.318,976.660,
pt228,418048.149,4239279.984,976.698,
pt229,418048.339,4239278.537,976.727,
pt230,418049.665,4239277.786,976.734,
pt231,418049.894,4239276.214,976.879,
pt232,418051.104,4239275.138,976.876,
pt233,418051.479,4239273.310,976.935,
pt234,418052.890,4239271.857,976.931,
pt235,418053.039,4239270.216,976.872,
pt236,418054.323,4239268.788,976.801,
pt237,418054.682,4239267.003,976.874,
pt238,418055.761,4239265.634,976.846,
pt239,418056.050,4239263.674,976.848,
pt240,418057.333,4239261.885,976.789,
pt241,418057.620,4239259.602,976.975,
pt242,418058.916,4239257.725,976.860,
pt243,418058.747,4239256.514,976.852,
pt244,418059.868,4239254.694,976.781,
pt245,418059.857,4239252.755,976.865,
pt246,418061.212,4239250.526,976.987,
pt247,418060.987,4239248.728,976.880,
pt248,418061.869,4239247.187,976.962,
pt249,418061.623,4239245.151,976.858,
pt250,418062.415,4239243.852,976.955,
pt251,418061.979,4239242.009,976.911,
pt252,418062.809,4239239.823,976.982,
pt253,418062.382,4239237.395,976.844,
pt254,418063.131,4239235.719,976.958,
pt255,418062.693,4239233.746,976.928,
pt256,418063.353,4239231.773,977.133,
pt257,418062.635,4239230.171,977.085,
pt258,418063.392,4239228.830,977.165,
pt259,418062.834,4239227.180,977.090,
pt260,418063.443,4239225.491,977.125,
pt261,418062.697,4239223.699,977.239,
pt262,418063.193,4239221.870,977.212,
pt263,418062.258,4239219.697,977.347,
pt264,418062.702,4239218.049,977.388,
pt265,418061.699,4239216.331,977.336,
pt266,418061.879,4239214.198,977.450,
pt267,418060.638,4239212.214,977.437,
pt268,418060.862,4239209.994,977.424,
pt269,418059.837,4239208.029,977.518,
pt270,418059.863,4239205.307,977.549,
pt271,418058.888,4239203.430,977.445,
pt272,418059.176,4239201.745,977.502,
pt273,418058.015,4239199.938,977.480,
pt274,418058.305,4239198.021,977.489,
pt275,418057.285,4239196.681,977.536,
pt276,418057.136,4239195.001,977.638,
pt277,418055.972,4239193.514,977.581,
pt278,418055.812,4239191.738,977.577,
pt279,418054.150,4239190.137,977.521,
pt280,418053.953,4239188.368,977.364,
pt281,418052.313,4239186.925,977.328,
pt282,418051.620,4239184.985,977.388,
pt283,418050.041,4239184.044,977.307,
pt284,418048.830,4239181.755,977.247,
pt285,418046.755,4239180.473,977.156,
pt286,418045.457,4239178.176,977.123,
pt287,418045.467,4239178.168,977.118,
pt288,418043.671,4239177.384,977.246,
pt289,418042.541,4239175.437,977.165,
pt290,418040.341,4239174.420,977.070,
pt291,418038.501,4239172.234,977.125,
pt292,418036.278,4239171.407,977.175,
pt293,418034.422,4239169.353,977.070,
pt294,418031.854,4239168.333,977.114,
pt295,418030.123,4239166.555,977.051,
pt296,418027.687,4239165.788,977.078,
pt297,418025.662,4239163.979,977.082,
pt298,418023.615,4239163.648,977.106,
pt299,418021.561,4239161.883,977.094,
pt300,418018.809,4239161.147,977.084,
pt301,418016.985,4239159.310,977.024,
pt302,418015.170,4239159.162,977.111,
pt303,418013.272,4239157.489,977.092,
pt304,418010.883,4239157.304,977.112,
pt305,418009.077,4239155.682,977.082,
pt306,418006.714,4239155.380,977.139,
pt307,418004.871,4239153.786,977.025,
pt308,418002.503,4239153.137,977.130,
pt309,418001.020,4239151.564,977.015,
pt310,417999.400,4239151.353,977.022,
pt311,417998.650,4239150.513,976.936,
pt312,417997.652,4239151.266,976.910,
pt313,417996.462,4239150.385,976.876,
pt314,417994.684,4239150.666,976.939,
pt315,417994.805,4239150.704,976.857,
pt316,417993.219,4239149.883,977.046,
pt317,417991.045,4239150.093,976.990,
pt318,417989.545,4239149.315,977.061,
pt319,417986.556,4239149.350,977.032,
pt320,417984.942,4239148.624,977.084,
pt321,417983.559,4239149.060,977.129,
pt322,417982.602,4239148.329,977.169,
pt323,417981.294,4239148.615,977.160,
pt324,417980.837,4239148.066,977.109,
pt325,417978.451,4239147.890,977.256,
pt326,417977.631,4239148.404,977.346,
pt327,417976.841,4239147.536,977.318,
pt328,417976.027,4239148.074,977.296,
pt329,417975.304,4239147.371,977.267,
pt330,417975.267,4239147.973,977.266,
pt331,418084.885,4239269.144,972.039,
pt332,418084.097,4239269.392,972.041,
pt333,418084.230,4239270.751,972.129,
pt334,418083.212,4239271.151,972.063,
pt335,418083.641,4239270.340,972.103,
pt336,418083.464,4239272.096,972.087,
pt337,418081.986,4239272.704,971.941,
pt338,418081.497,4239274.418,971.890,
pt339,418080.143,4239274.760,971.734,
pt340,418080.127,4239275.855,971.764,
pt341,418079.076,4239276.123,971.712,
pt342,418078.989,4239277.500,971.753,
pt343,418077.892,4239278.376,971.595,
pt344,418077.976,4239279.894,971.536,
pt345,418077.037,4239280.443,971.467,
pt346,418077.013,4239282.238,971.345,
pt347,418075.925,4239283.570,971.291,
pt348,418076.027,4239285.520,971.192,
pt349,418075.037,4239286.862,971.155,
pt350,418075.198,4239288.461,971.101,
pt351,418074.203,4239289.688,971.130,
pt352,418074.693,4239291.430,971.038,
pt353,418074.057,4239292.793,970.918,
pt354,418074.998,4239294.658,970.750,
pt355,418074.715,4239296.446,970.576,
pt356,418075.738,4239297.620,970.442,
pt357,418075.414,4239299.078,970.253,
pt358,418076.694,4239300.812,970.302,
pt359,418076.623,4239302.810,970.123,
pt360,418077.876,4239304.048,970.069,
pt361,418077.935,4239305.796,969.885,
pt362,418079.569,4239307.251,969.857,
pt363,418079.846,4239309.025,969.760,
pt364,418081.220,4239309.811,969.788,
pt365,418081.518,4239311.544,969.703,
pt366,418083.230,4239312.540,969.654,
pt367,418083.691,4239314.292,969.557,
pt368,418085.293,4239315.093,969.502,
pt369,418086.019,4239316.634,969.413,
pt370,418087.717,4239317.655,969.465,
pt371,418087.964,4239319.116,969.441,
pt372,418089.596,4239319.482,969.455,
pt373,418092.580,4239317.651,969.926,
pt374,418094.541,4239317.989,969.985,
pt375,418095.547,4239319.181,970.001,
pt376,418097.618,4239319.247,969.951,
pt377,418098.071,4239320.043,969.905,
pt378,418099.820,4239319.965,969.938,
pt379,418100.939,4239321.165,969.831,
pt380,418102.842,4239321.346,969.773,
pt381,418103.869,4239322.498,969.767,
pt382,418105.597,4239322.435,969.768,
pt383,418106.710,4239323.494,969.831,
pt384,418107.876,4239323.321,969.861,
pt385,418108.520,4239324.318,969.839,
pt386,418109.958,4239324.190,969.819,
pt387,418111.173,4239325.496,969.818,
pt388,418112.277,4239325.259,969.762,
pt389,418112.658,4239326.444,969.735,
pt390,418113.879,4239326.453,969.859,
pt391,418114.259,4239327.881,969.941,
pt392,418115.190,4239328.239,969.909,
pt393,418115.049,4239328.955,969.994,
pt394,418116.226,4239329.574,970.031,
pt395,418116.208,4239331.308,970.266,
pt396,418116.884,4239331.165,970.178,
pt397,418115.571,4239330.054,970.466,
pt398,418082.647,4239305.066,971.768,
pt399,418084.318,4239268.841,972.312,
pt400,418085.081,4239268.785,972.369,
pt401,418084.259,4239267.956,972.485,
pt402,418084.989,4239267.735,972.520,
pt403,418084.171,4239267.190,972.630,
pt404,418084.766,4239266.714,972.643,
pt405,418083.878,4239266.865,972.706,
pt406,418084.401,4239266.194,972.695,
pt407,418083.805,4239266.676,972.701,
pt408,418082.520,4239265.022,972.841,
pt409,418083.151,4239264.598,972.758,
pt410,418081.298,4239263.380,972.735,
pt411,418081.815,4239263.036,972.760,
pt412,418081.517,4239262.823,972.732,
pt413,418081.390,4239262.551,972.784,
pt414,418081.237,4239262.131,972.709,
pt415,418081.314,4239261.728,972.625,
pt416,418081.299,4239263.339,972.733,
pt417,418080.804,4239262.965,972.799,
pt418,418080.064,4239262.853,972.728,
pt419,418079.940,4239262.879,972.751,
pt420,418079.451,4239262.498,972.734,
pt421,418080.296,4239261.827,972.620,
pt422,418081.213,4239261.085,972.559,
pt423,418081.884,4239261.146,972.558,
pt424,418276.331,4239244.520,953.962,
pt425,418277.680,4239243.464,953.926,
pt426,418280.154,4239244.232,953.743,
pt427,418281.419,4239243.180,953.718,
pt428,418283.330,4239243.879,953.693,
pt429,418284.560,4239243.019,953.638,
pt430,418286.410,4239243.838,953.491,
pt431,418288.031,4239242.617,953.473,
pt432,418289.979,4239243.374,953.304,
pt433,418291.719,4239242.275,953.325,
pt434,418293.371,4239242.934,953.345,
pt435,418294.809,4239241.821,953.410,
pt436,418297.415,4239242.564,953.441,
pt437,418298.466,4239241.382,953.309,
pt438,418300.521,4239242.146,953.252,
pt439,418301.789,4239240.963,953.247,
pt440,418303.553,4239241.623,953.161,
pt441,418304.337,4239240.535,953.244,
pt442,418305.472,4239241.143,953.044,
pt443,418305.696,4239240.320,953.057,
pt444,418306.296,4239241.175,953.025,
pt445,418307.053,4239240.297,952.990,
pt446,418307.637,4239240.749,952.956,
pt447,418306.937,4239241.344,953.051,
pt448,418306.950,4239241.335,953.000,
pt449,418307.981,4239241.634,953.067,
pt450,418307.169,4239241.960,953.058,
pt451,418308.093,4239241.942,953.084,
pt452,418307.257,4239242.023,953.073,
pt453,418307.571,4239244.214,953.100,
pt454,418308.378,4239244.049,952.967,
pt455,418308.741,4239245.938,952.860,
pt456,418308.722,4239245.885,952.803,
pt457,418307.982,4239245.952,952.754,
pt458,418308.271,4239247.471,952.690,
pt459,418309.099,4239247.365,952.660,
pt460,418309.516,4239247.796,952.874,
pt461,418308.678,4239248.878,952.914,
pt462,418309.965,4239249.777,952.681,
pt463,418309.325,4239251.341,952.407,
pt464,418310.595,4239251.933,952.372,
pt465,418309.970,4239253.673,952.187,
pt466,418311.167,4239255.146,951.893,
pt467,418310.673,4239257.074,951.696,
pt468,418311.850,4239258.576,951.599,
pt469,418311.330,4239260.670,951.561,
pt470,418312.457,4239262.917,951.518,
pt471,418311.872,4239264.954,951.513,
pt472,418313.262,4239266.877,951.473,
pt473,418312.649,4239268.694,951.544,
pt474,418313.819,4239270.198,951.544,
pt475,418313.060,4239271.867,951.642,
pt476,418313.959,4239273.288,951.660,
pt477,418313.098,4239274.371,951.680,
pt478,418314.244,4239275.202,951.628,
pt479,418313.453,4239276.262,951.597,
pt480,418314.279,4239276.616,951.567,
pt481,418313.636,4239276.941,951.536,
pt482,418314.497,4239277.662,951.609,
pt483,418313.939,4239278.824,951.535,
pt484,418314.685,4239279.644,951.485,
pt485,418314.071,4239280.605,951.489,
pt486,418315.199,4239281.815,951.409,
pt487,418314.577,4239282.014,951.295,
pt488,418314.076,4239279.919,951.524,
pt489,418052.080,4239285.516,976.382,
pt490,418051.723,4239284.577,976.281,
pt491,418051.215,4239285.060,976.371,
pt492,418051.326,4239284.478,976.357,
pt493,418047.233,4239283.720,976.595,
pt494,418047.584,4239283.162,976.550,
pt495,418046.953,4239282.460,976.651,
pt496,418047.110,4239282.031,976.663,
pt497,418046.066,4239282.228,976.629,
pt498,418046.694,4239280.943,976.587,
pt499,418047.158,4239281.794,976.624,
pt500,418046.251,4239283.309,976.661,
pt501,418045.690,4239283.634,976.699,
pt502,418045.032,4239283.551,976.718,
pt503,418045.179,4239284.558,976.795,
pt504,417727.078,4239446.794,1016.374,
pt505,417726.341,4239446.787,1016.401,
pt506,417727.378,4239447.702,1016.602,
pt507,417726.852,4239448.651,1016.630,
pt508,417727.781,4239449.370,1016.620,
pt509,417727.384,4239450.820,1016.551,
pt510,417728.268,4239451.437,1016.497,
pt511,417728.029,4239452.715,1016.335,
pt512,417729.472,4239452.904,1016.279,
pt513,417730.126,4239454.056,1016.119,
pt514,417732.223,4239454.006,1015.871,
pt515,417733.758,4239455.044,1015.636,
pt516,417735.765,4239454.866,1015.546,
pt517,417737.741,4239455.877,1015.353,
pt518,417740.351,4239455.654,1015.125,
pt519,417742.436,4239456.657,1014.837,
pt520,417744.433,4239456.357,1014.647,
pt521,417912.209,4239371.367,997.116,
pt522,417911.913,4239370.652,997.120,
pt523,417910.534,4239372.417,997.252,
pt524,417907.697,4239373.700,997.442,
pt525,417902.407,4239379.844,998.005,
pt526,417900.016,4239381.395,998.291,
pt527,417898.606,4239383.936,998.409,
pt528,417895.223,4239386.159,998.775,
pt529,417892.745,4239389.734,999.042,
pt530,417890.361,4239391.387,999.263,
pt531,417889.529,4239393.460,999.514,
pt532,417887.397,4239394.991,999.931,
pt533,417886.667,4239396.973,1000.256,
pt534,417884.501,4239398.324,1000.543,
pt535,417883.165,4239400.118,1000.799,
pt536,417881.102,4239400.850,1001.078,
pt537,417879.397,4239402.498,1001.453,
pt538,417876.702,4239403.179,1001.677,
pt539,417874.660,4239405.227,1002.032,
pt540,417872.361,4239406.247,1002.276,
pt541,417870.393,4239408.163,1002.647,
pt542,417868.390,4239408.924,1002.992,
pt543,417866.567,4239410.904,1003.246,
pt544,417863.417,4239412.329,1003.689,
pt545,417861.713,4239414.660,1003.889,
pt546,417859.456,4239415.664,1004.187,
pt547,417857.734,4239417.907,1004.441,
pt548,417855.049,4239419.193,1004.733,
pt549,417853.354,4239421.519,1005.031,
pt550,417850.984,4239422.882,1005.291,
pt551,417849.248,4239425.368,1005.556,
pt552,417846.438,4239427.219,1005.908,
pt553,417844.623,4239429.605,1006.188,
pt554,417842.113,4239430.718,1006.584,
pt555,417840.650,4239432.918,1006.836,
pt556,417838.076,4239434.223,1007.158,
pt557,417836.149,4239436.627,1007.456,
pt558,417833.851,4239437.789,1007.634,
pt559,417831.924,4239440.115,1007.886,
pt560,417829.334,4239441.191,1008.166,
pt561,417828.225,4239442.976,1008.344,
pt562,417825.857,4239443.833,1008.634,
pt563,417824.030,4239445.680,1008.894,
pt564,417821.127,4239446.758,1009.163,
pt565,417819.017,4239449.022,1009.421,
pt566,417816.410,4239449.742,1009.541,
pt567,417814.542,4239451.559,1009.781,
pt568,417811.398,4239452.399,1010.085,
pt569,417808.698,4239454.712,1010.216,
pt570,417805.387,4239455.146,1010.381,
pt571,417802.509,4239456.557,1010.609,
pt572,417800.459,4239456.526,1010.784,
pt573,417799.019,4239457.445,1010.900,
pt574,417796.510,4239457.436,1011.167,
pt575,417794.335,4239458.524,1011.357,
pt576,417791.251,4239458.334,1011.598,
pt577,417788.348,4239459.205,1011.761,
pt578,417785.407,4239458.852,1011.987,
pt579,417783.008,4239459.740,1012.274,
pt580,417780.114,4239459.284,1012.339,
pt581,417777.196,4239459.859,1012.382,
pt582,417773.405,4239459.291,1012.629,
pt583,417770.133,4239459.797,1012.885,
pt584,417767.594,4239458.968,1013.052,
pt585,417764.852,4239459.462,1013.130,
pt586,417762.283,4239458.399,1013.211,
pt587,417759.390,4239458.891,1013.543,
pt588,417756.942,4239458.059,1013.693,
pt589,417754.324,4239458.385,1013.907,
pt590,417752.073,4239457.253,1014.057,
pt591,417749.452,4239457.568,1014.328,
pt592,417747.099,4239456.676,1014.518,
pt593,417744.616,4239457.016,1014.722,
pt594,417773.618,4239459.836,1012.626,
